# Skillet - Legendary

# Mapeamento de Teclas:
# Trilha 1 (A, verde): 97
# Trilha 2 (S, vermelho): 115
# Trilha 3 (J, amarelo): 106
# Trilha 4 (K, azul): 107
# Trilha 5 (L, laranja): 108

0.55 97
1.15 115
1.75 106

2.53 97
3.13 115
3.73 106

4.45 97
4.75 97
5.10 115

6.00 106
6.30 106
6.75 115

7.50 107
7.80 107
8.15 108
8.45 108

9.30 106
9.60 106
10.05 97

11.50 97
11.80 97
12.25 115

13.00 106
13.30 106
13.85 115

14.60 107
14.90 107
15.25 108
15.55 108

16.40 106
16.70 106
17.15 97

18.50 107
18.75 106
19.00 115
19.25 106
19.50 97

20.50 107
20.75 106
21.00 115
21.25 106
21.50 97

25.55 97
26.15 97
26.75 115

27.35 115
28.55 106

29.25 106
30.35 115

31.05 115
31.55 106
31.85 97

32.55 97
32.85 115
33.15 106
33.45 115
33.75 97
34.05 106
34.35 97

39.45 107
39.90 106
40.35 106
40.80 115

47.35 97
47.65 97
48.00 115

48.80 106
49.20 106
49.65 115

50.40 107
50.70 107
51.05 108
51.35 108

52.20 106
52.20 107
52.60 106
52.60 108
52.95 97
52.95 115

70.00 97