# JoJo's Bizarre Adventure - Overture

# Mapeamento de Teclas:
# Trilha 1 (A, verde): 97
# Trilha 2 (S, vermelho): 115
# Trilha 3 (J, amarelo): 106
# Trilha 4 (K, azul): 107
# Trilha 5 (L, laranja): 108

1.58 97
3.42 106
5.07 97

6.04 106
8.03 97
8.60 115
9.53 106

10.10 107
11.05 115
11.62 106
12.55 108

15.01 97
15.25 97
15.68 115
16.03 106
16.52 108
16.76 108

18.23 97
18.47 97
18.89 115
19.25 106
19.74 108
19.98 108

22.01 97
22.48 106
22.95 115
23.42 107
23.90 108
25.02 107
25.49 106
25.96 115

26.43 97
28.05 97
28.28 106
28.51 115
28.74 106
28.97 97

35.05 97
35.53 115
36.01 97
37.03 106
37.51 107
37.99 106

45.02 97
45.18 115
45.34 106
45.50 107
45.66 108

45.82 107
45.98 106
46.14 115
47.05 115
47.21 108
47.37 107

47.53 106
47.69 115
47.85 108
48.01 107
48.17 106

58.05 108
58.41 107
58.87 106
59.23 115
59.69 97

60.05 106
70.03 97
70.15 115
70.27 106
70.39 107

70.51 108
70.63 107
70.75 106
70.87 115
71.00 97

72.04 97
72.22 106
72.40 115
72.58 107
72.80 108
72.98 107

73.16 106
73.34 97
80.08 97
80.52 106

81.07 115
81.51 107
82.06 108
90.00 97 
