# The Rolling Stones - Paint It, Black

# Mapeamento de Teclas:
# Trilha 1 (A, verde): 97
# Trilha 2 (S, vermelho): 115
# Trilha 3 (J, amarelo): 106
# Trilha 4 (K, azul): 107
# Trilha 5 (L, laranja): 108

0.33 115
0.69 106
1.05 97
1.41 115

1.95 97
2.31 108
2.67 115
3.03 97
3.39 108
3.75 106
4.11 97

8.43 97
8.80 106
9.17 115
9.70 115
10.50 107
10.90 106
11.43 106

15.50 97
15.87 106
16.24 115
16.77 115
17.60 107
18.00 106
18.53 106

27.25 106
27.55 106
27.85 115
28.15 115
28.55 106
28.95 97
29.25 97

31.55 106
31.85 106
32.15 115
32.45 115
32.85 106
33.25 97
33.55 97

35.00 108
35.40 107
35.80 106
36.20 107
36.60 108
37.00 115
37.20 106
37.40 97
37.60 115
37.80 106
38.00 97
38.20 115
38.40 106
38.60 97

41.50 97
41.87 106
42.24 115
42.77 115
43.60 107
44.00 106
44.53 106
45.10 97

58.70 97
58.70 106
59.07 106
59.44 115
59.44 107
59.97 115
60.80 108
60.80 97
61.20 107
61.73 106
62.30 97
62.67 106
63.04 115
63.41 115

70.00 97