# Skillet - Legendary

# Mapeamento de Teclas:
# Trilha 1 (A, verde): 97
# Trilha 2 (S, vermelho): 115
# Trilha 3 (J, amarelo): 106
# Trilha 4 (K, azul): 107
# Trilha 5 (L, laranja): 108

1.63 108
2.74 97
3.78 115
4.72 106
5.64 107
6.62 108
7.57 97

8.54 115
9.49 106
10.45 107
12.03 108
12.81 97
13.78 115
14.74 106

15.62 107
16.67 108
17.60 97
19.56 115
20.43 106
20.68 107
20.81 108

20.99 97
21.37 115
21.67 106
21.85 107
22.38 108
22.54 97
22.73 115

23.32 106
24.33 107
24.49 108
24.68 97
25.20 115
25.39 106
25.61 107

26.18 108
26.37 97
26.54 115
27.14 106
28.10 107
29.09 108
30.05 97

30.95 115
32.07 106
32.99 107
33.97 108
34.89 97
35.79 115
36.81 106

37.61 107
38.67 108
39.67 97
40.67 115
41.00 106
41.42 107
42.40 108

42.99 97
44.52 115
44.99 106
45.42 107
45.88 115
46.83 108
47.33 97

47.53 115
47.73 106
48.32 107
48.53 108
48.71 97
49.24 115
49.41 106

49.59 107
49.75 115
50.57 108
51.07 97
51.64 115
52.10 106
52.56 107

53.41 108
54.49 97
55.46 115
56.36 106
57.80 107
58.86 108
59.85 97

60.79 115
61.74 106
62.70 107
63.60 108
63.79 97
64.15 115
64.37 106

64.59 107
64.80 115
65.49 108
66.02 97
66.54 115
67.04 106
67.85 107

68.91 97
69.83 115
70.86 106
71.79 107
72.75 108
73.75 97
74.67 115

75.16 106
75.82 107
76.64 108
77.12 97
77.65 115
78.07 106
78.56 107

79.03 115
79.53 108
80.43 97
80.75 115
80.96 106
81.42 107
81.61 108

81.77 97
82.29 115
82.79 106
83.31 107
84.22 108
85.15 97
85.87 115